mariner-1
*board-*maxking-334
332
330
328
326
324
323
321
320
319
318
317
316
315
314
308
306
305
304
311
347
342
337
362
368
366
365
370
373
374
405
409
395
390
389
415
414
496
497
498
500
*mutian-338
350
348
346
345
343
*evening-359
354
*windowsz-360
385
393
398
401
*fightren-363
*laomi-364
376
387
386
392
391
399
403
404
*readpost-358
356
351
382
416
412
407
446
445
444
439
438
436
424
418
453
451
449
461
458
454
*path-375
*cloudy-383
381
388
452
457
455
475
473
466
465
384
495
494
493
489
499
*kunnan-380
379
378
377
372
371
402
400
397
396
394
413
411
410
408
406
*ching-*kll-426
423
421
420
419
432
431
430
435
434
447
443
437
450
456
460
459
462
468
469
*jiuer-440
433
429
425
417
491
*bdxr-442
441
428
427
463
464
472
470
477
481
485
486
487
492
490
*bank-448
*addd-507
506
504
502
501
*